[  1.82614325e-01  -2.59990522e-02  -2.54574448e-01   5.39767416e-02
  -1.31025725e-01  -5.95565056e-02  -2.09852587e-01   1.05852587e-01
  -1.25618068e-01  -1.78824422e-01   2.83318485e-02  -4.44744282e-01
   1.43921610e-01   2.81791296e-01   6.41959493e-02  -1.83083068e-01
   1.19024774e-01  -1.81055695e-01   4.57517468e-02   2.97433990e-01
  -4.11297060e-01  -2.99605728e-01  -2.47832192e-01  -4.44061411e-02
   7.27295594e-02  -1.39319794e-01   1.23269143e-02  -2.65642943e-01
   1.40436960e-01  -4.54635818e-01   4.17431062e-01  -1.82760392e-01
   4.02576883e-01   1.76632798e-02   1.62487119e-01   3.31994809e-02
  -1.59534158e-01  -9.39052277e-02  -1.21947550e-01  -8.73207169e-02
  -1.89827468e-01   1.48497748e+00  -4.01290045e-01   4.34292244e-01
   1.23244109e-01   2.63427553e-01  -1.08488395e-01   1.72309028e-01
  -2.18290694e-01  -1.45391888e-01  -5.22846439e-01   2.32943836e-02
   2.71234875e-01   1.67178631e-01  -3.37048159e-01  -1.48139830e-01
   3.76364852e-01  -3.44276327e-01  -1.76820420e-01  -7.29404739e-02
  -2.58623822e-01   7.08684458e-02   1.15731032e-03  -8.47538812e-02
  -1.00043342e-01  -8.04447422e-02  -4.05734553e-01   3.07295189e-01
   5.60620928e-01   9.46997630e-02   7.27603096e-02  -1.07950627e-02
  -2.74355965e-01  -4.62254703e-01  -3.28351642e-01   1.77887731e-01
  -2.33445313e-01  -2.94916696e-01  -6.18987434e-02   6.05319860e-02
   2.92678542e-01   7.55591621e-02  -2.33571031e-01   2.48600851e-01
   4.95445769e-02  -1.23925325e-01   3.38198652e-01  -4.23798016e-01
  -1.35872420e-01   1.52005378e+00  -8.94604199e-02   2.09866238e-01
  -7.78133302e-02  -2.06424338e-01  -4.40665638e-02  -4.39237972e-01
   1.28120352e-01  -2.91003732e-01  -1.96920406e-02  -2.70762277e-01]
[  3.93945903e-01   4.91812421e-01  -1.18702789e-01  -1.11181524e-01
  -2.53417572e-02  -3.74218036e-02  -1.21169805e-01  -8.09587399e-02
  -1.93987204e-01   3.25976629e-02  -2.19280119e-02  -5.54852333e-02
  -3.26261287e-01   4.83569950e-03  -4.33324430e-02  -1.99110577e-01
  -1.75963385e-01   9.91658189e-02  -1.53170351e-01   2.44788644e-01
  -7.73284044e-01  -9.88910458e-02   2.82246651e-01  -2.27051013e-01
   4.78553283e-02   3.84907166e-01   1.12594214e-01   3.05904851e-04
  -6.89884074e-03   2.02099977e-01   1.18610339e+00  -7.31834611e-02
   2.05658004e-01  -1.01984988e-01  -1.36942388e-01  -1.34156055e-01
  -9.32400850e-02   2.59444731e-01  -3.23301724e-02   1.41315352e-01
  -1.01321626e+00   1.26031360e-01  -3.28643870e-01   4.31115215e-02
   9.35440102e-02  -3.32516788e-02   2.29018265e-01  -1.37319994e-01
   3.05440665e-02   5.90652234e-01   2.65873915e-01   7.46923211e-02
   1.19985714e+00   6.92391702e-02  -1.40080454e-01  -1.57328234e-01
   1.28195016e-01  -4.05062192e-01  -3.69866284e-01  -9.77210874e-02
   1.74747574e-01   2.70351361e-01   1.26087515e-01   1.83292241e-01
   1.87841596e-01   2.90881307e-02   1.26540679e-01  -1.32635345e-01
  -6.75429763e-02  -1.02082834e-01   3.08397668e-01  -2.10821527e-02
  -7.35983777e-02   5.60020598e-01   1.83310344e-01   2.00899833e-01
  -1.01784553e+00  -3.14491515e-01   2.14537339e-01   1.24050484e-02
  -2.68743486e-01   3.29986945e-01   2.66956807e-02  -7.47356011e-02
  -5.22470374e-02   7.58649618e-02   7.83369197e-02  -4.98453273e-02
   1.73188954e-01   2.02435736e-01   1.10751168e-01   1.51956052e-01
  -1.86580490e-01   3.21063992e-02  -2.05025731e-01  -2.06941314e-01
  -1.46860572e-02  -2.04819903e-01  -3.03304999e-01   4.31899864e-01]
[-0.23879066 -0.34600227 -0.04307721 -0.04384187 -0.10080284  0.1296716
 -0.18523808  0.21165674  0.45943417 -0.01108245 -0.08626258  0.16957272
 -0.68946521 -0.0693723  -0.24533927 -0.20665504  0.28900743  0.06957471
  0.51095774  0.1821052   0.31074493 -0.14666655 -0.12464616  0.18387908
  0.4277794   0.92213779 -0.3844075  -0.20988596 -0.01110197  0.7239945
  0.20210505 -0.04902082 -0.68505473 -0.11099214 -0.31173713  0.03074838
 -0.19667841  0.08667227 -0.29506606  0.19361014  0.72457771 -0.51316092
 -0.13734988  0.04113576  0.81669474  0.04399314  0.14659518 -0.14620814
 -0.08520169  0.52836355  0.20564527 -0.07561846  0.03329411 -0.27895812
 -0.05378516 -0.05112833  0.29620337 -0.28491872  0.08272089  0.01705699
  0.12505166 -0.61693556 -0.19684681 -0.0967202   0.00765222 -0.12541786
 -0.39817512  0.33879521  1.01535986  0.04734318 -0.44169185 -0.24875498
 -0.10750392 -0.78552799 -0.7083162  -0.29597212  0.12425927  0.15061374
 -0.71671672 -0.02267867  0.43641669 -0.90510919 -0.4665218  -0.49461462
 -0.02019988  0.38303945 -0.10241322  0.33507696 -0.41299569 -0.81182658
 -0.29872716 -0.72545125  0.25393012 -0.02979662 -0.47098388 -0.23444912
  0.36116854  0.01205001  0.10576827  0.49057697]
[ -2.75094892e-01  -1.85550857e-01  -1.13195641e-01  -3.03995291e-01
  -8.39212669e-02  -7.96107788e-02  -8.95677330e-02   1.01678683e-01
  -4.56935450e-01  -4.20462288e-01  -3.29667220e-02   1.52558367e-01
  -2.25754434e-01   5.08333846e-01   4.32661071e-01   3.39455983e-02
  -1.60447902e-02  -4.32472387e-01   3.93296053e-01  -2.11508344e-01
   1.26194235e-01   2.93115059e-01  -2.13146283e-01  -4.51240731e-02
  -2.68163949e-01  -7.79470400e-01   1.43662800e-02  -4.28892669e-01
  -2.58559890e-01  -6.88276024e-01  -5.05968267e-01  -3.52995509e-02
  -6.10526504e-01  -1.96422093e-01   1.47816877e-01  -6.49853009e-01
  -5.05774540e-02   2.39399804e-01  -1.79475774e-01   1.40736390e-02
   2.60738361e-01  -2.16690505e-01   1.04265335e-01  -5.88163837e-01
  -4.90208687e-01  -2.44967537e-01  -9.98401956e-02   5.12379299e-01
  -6.66923713e-02   1.23634981e-01  -1.07360150e-01  -2.90387317e-01
  -4.12178828e-01  -3.99210609e-02   5.41135042e-02  -5.85422254e-02
   2.35382608e-01  -7.86685801e-02   4.80935046e-01  -3.48322880e-01
  -1.20955860e-01  -3.85754731e-01  -1.68700383e-02   6.05699206e-02
  -6.56550867e-04  -3.80161602e-01   1.47682770e-01  -8.62945570e-01
  -1.31448195e-01  -1.79364238e-01  -2.82611162e-01   2.06435991e-01
  -1.68557716e-01  -6.41539754e-01   3.66790545e-01   2.90957412e-01
   2.35488508e-01   1.21564410e-01   6.68537545e-01  -3.76726107e-01
   2.11586407e-01  -5.71476846e-01   5.32454991e-01  -3.09009190e-01
   3.77261201e-02   4.17570648e-01   2.77754137e-01  -5.26167020e-01
  -2.98212839e-01  -4.62151724e-01  -1.17361008e+00   3.78844171e-01
   2.13782498e-01  -1.59348731e-01   1.30802117e-01  -3.46467420e-01
  -2.46870770e-01   3.39027740e-02   4.69998679e-02   1.47850987e-01]
[-0.08026663 -0.39830913 -0.26153547  0.0521311  -0.27165574 -0.87561551
 -0.346018    0.53254264  0.20842172 -0.06145037 -0.00977956 -0.11047447
  0.23893347 -0.1609614  -0.19217186  0.65903502  0.1128766  -0.14489971
  0.21403084 -0.4426538  -1.31244699 -0.30420103 -0.08214003  1.15730453
  0.30352568 -0.15464836 -0.15706506 -0.03845308 -0.08428509 -0.37129801
  0.33734458 -0.31053892  0.08899567 -0.04648765 -0.0385285   0.35104716
 -0.27400262  0.01869481 -0.1437701  -0.5064969   0.14909866 -0.06181114
 -0.10237686 -0.41475263 -0.02521765 -0.14020988 -0.4658988   0.21484324
 -0.19098175  0.56795138 -0.31965624 -0.2765145   0.34447374  0.32993931
 -0.09069921 -0.2309145  -0.22883576  0.75989267  0.26874907  0.29200917
 -0.39824391 -0.26536302 -0.28609609  0.28225865 -0.24654029  0.10570258
  0.05820624 -0.19717708  1.08663809 -0.07134738 -0.40645128  0.07707753
 -0.25111925 -0.17969565  0.28964896  0.08700352  0.03873133  0.13180393
 -0.08055263 -0.28075134 -0.30242046  0.39717868 -0.24613586 -0.08480209
 -0.09121665 -0.26792758  0.1536323   0.6440466  -0.14140745  0.23437113
 -0.34508118  0.49243271  0.12175272 -0.3521623  -0.0041406  -0.2402115
 -0.92677607 -0.23845991 -0.30383089 -0.30597045]
[ 0.37916188 -0.7161578  -0.07083958  0.21226026 -0.02207711 -0.16356174
 -0.08365789  0.50109312 -0.01865743 -0.0160506  -0.07372126  0.61114591
  0.2665563  -0.41610403  0.17761756 -0.111245   -0.39542356  0.02925816
 -0.40963507 -0.12645333  0.41145559 -0.04851808 -0.0731888   0.20604533
 -0.61202209  0.20210541 -0.08372142  0.51316261 -0.23208079 -0.41864891
 -0.59677702 -0.02061864  0.68339676  0.6794597   0.09541319  0.79435444
 -0.05975706 -0.49559033  0.16741182 -0.12289423 -0.89723796 -0.75098401
 -0.19184339  0.61842246 -0.15310028 -0.03573909  0.14461538  0.20617279
  0.01644736 -1.65188406 -0.26262681 -0.17474527 -0.30998571  0.83996839
  0.08438851 -0.41496549 -0.62640028 -0.51047435 -0.60096004  0.29595189
 -0.23346943  0.07551249  0.02307824  0.05907956 -0.33132182 -0.52277487
  0.05375763  0.03034181 -0.45206215  0.43536152 -0.27407152  0.06631141
 -0.00448401  0.87369285  0.14469292  0.32081938  0.13608282  0.02151241
 -0.42557246  1.30168367  0.01952191  0.11623986  0.88515798 -0.22454367
  0.31709626 -0.34193816 -0.82691932  0.46653662 -0.17203781 -1.49603009
  1.4223722  -0.34561954 -0.3868374  -0.04864082  0.15461828 -0.44738073
  0.43951757  0.02225493  0.50843139 -0.37412557]
[-0.22993207 -0.1923875  -0.24139798  0.1698437  -0.14773134 -0.58662589
 -0.04631403 -0.63571377  0.11365463 -0.04619051 -0.09600189 -0.36570197
  0.4114568  -0.52283987 -0.03950443  0.61509667  0.05603595 -0.16001925
 -0.53766961  0.35230864  0.19515002 -0.15818188  0.03012561 -0.86123612
  0.13181359 -0.43126926  0.36761441 -0.04585893 -0.05796159  0.33681876
 -0.34801489 -0.18375816  0.51148879  0.02368226 -0.38802243  0.33115429
 -0.13611781  0.01288542 -0.01033775 -0.0668202  -0.0747197  -0.21673115
  0.15854783 -0.38337902  0.07890341 -0.17481682 -0.42826649 -0.01798782
 -0.14819829  0.41603861 -0.15938933  0.02783288 -0.29700932  0.33856323
 -0.08954727 -0.01855504 -0.1164655  -0.62170477  0.09525042 -0.16442866
 -0.1986964   0.30622998  0.05325216  0.3676823   0.53910887  0.26863019
 -0.25553629  0.43413235 -0.9017883  -0.26524503  0.34593371 -0.22497625
 -0.16964831 -0.05755611 -0.58617543 -0.14614523 -0.01536652 -0.00645832
  0.1597937  -0.26606395 -0.56347037  0.76068889 -0.17549654  0.04132031
 -0.2356016   0.07305867  0.07288492 -0.68869583  0.9189587  -0.54015282
 -0.12605682  0.11063141 -0.40153988 -0.20244287  0.01458104  0.35459085
 -0.28149233 -0.02029472 -0.6224797  -0.20092786]
[  2.20154874e-01   3.37715671e-01  -1.72080094e-02   8.22493784e-02
  -7.12038610e-03   6.55054109e-02   3.90025127e-03   8.71601008e-02
  -3.18142407e-01  -2.34910008e-01   2.80353855e-04   3.65928291e-01
   4.30905450e-02   3.80894711e-01   6.85338263e-03   5.00383892e-02
   2.60232351e-01   7.77341856e-02  -1.56799850e-01  -2.74552609e-01
   3.91100295e-01  -1.05451651e-01  -2.79992113e-02  -1.26220551e-01
   3.45972124e-01   4.54991172e-01  -6.46739768e-02   1.25024399e-01
   7.82300871e-01  -1.97286648e-01  -1.91988635e-01  -1.96698224e-01
   7.10624110e-02  -8.34841741e-02   9.70230276e-03  -2.70336056e-01
  -8.81043800e-02   4.08038341e-02  -8.00871792e-02  -2.64079246e-01
   1.00468398e-01   7.93538609e-02   4.62348799e-01  -4.52078056e-02
  -3.12301266e-02  -1.52936656e-01  -1.34690208e-01  -1.05049668e+00
  -1.73727870e-02   3.92532670e-01   1.35307311e+00   1.73763999e-01
  -2.15296038e-01  -5.86783946e-02  -2.93435757e-01   3.21606693e-01
  -2.04139240e-01   8.65920900e-01  -2.57670008e-01   6.06284336e-02
   1.52654120e-01  -2.58622877e-02  -2.23371066e-01   1.25794175e-01
   1.13171632e-01  -1.33111224e-01  -1.08211281e-01   3.18730515e-01
  -4.75879686e-01   2.58073973e-01   5.16616195e-01  -1.59111401e-01
   6.50642517e-03  -3.61772501e-01   4.64831480e-01   1.38026436e-03
   1.48210738e-01  -1.54154910e-01   3.22545514e-01   1.34280355e-01
  -1.49577557e-01   2.64455089e-01   6.24421372e-02   1.27740434e-01
   1.41664246e-01  -3.30781600e-01  -6.18127515e-01  -5.92629099e-01
  -3.24723253e-01   3.42758788e-02   2.87618278e-02   1.77111875e-01
   1.17132338e-01  -1.59941097e-01  -2.37426545e-01   1.39750431e+00
   1.29930503e-01  -1.80617287e-01   3.71475896e-01  -1.63903875e-02]
[-0.54283616  0.14768943 -0.40869164 -0.28389145 -0.40255731 -0.1955873
 -0.38753576  0.31116234 -0.1175287  -0.19779603 -0.01700818 -0.43031523
  0.81947809 -0.36764902 -0.37022377 -0.44395753  0.09922059  0.33026612
  0.09502176 -0.45617596  0.56386189 -0.4511287   0.00292231 -0.17914124
 -0.32415268 -0.5359067  -0.43255138  0.27647198 -0.12353456 -0.81439192
 -0.33952443 -0.50651665  0.7651719  -0.20991821  0.2409645   0.30077891
 -0.52073915 -0.27117925  0.00949363  0.21558711  1.33326865 -0.53997159
  0.29298872 -0.53385713  0.60390236 -0.31604279  0.58298652  0.13025927
 -0.43132653  0.65153833 -0.04742782 -0.44215784 -0.55043386 -0.738873
 -0.38889114 -0.24282448 -0.34599683 -0.84445284  0.41912358 -0.23744034
  0.02165898  0.04088048 -0.46439342 -0.23962428 -0.25457156  0.74631176
 -0.24811514  0.5290602   0.67169751  0.20323774 -0.29128675 -0.43430409
 -0.31757519  0.05889648  0.6835809  -0.29691179  0.39360267 -0.23788375
  0.64892398 -0.71737687  0.27649645  0.25790561 -1.28644028 -0.49820911
 -0.26157024 -0.01694108  0.58573639 -0.80805554 -0.76260402 -0.82409036
 -0.91143827  0.18646262  0.04210755 -0.50829046  0.00913982 -0.20036238
  0.16389117 -0.35852711  0.30991436 -0.34734978]
[-0.44492503  0.44181578 -0.09312694 -0.06884321 -0.19144878  0.06986267
 -0.20501665 -0.9236055  -0.14882156 -0.1935132   0.06682072 -0.84449805
 -0.02073465 -0.44092093 -0.04962611 -0.80630586 -0.31518446 -0.20206302
 -0.26522397 -0.27109134  1.12033199  0.03310433  0.06879397 -1.27398006
 -0.18543598 -0.46171931  0.00540529 -0.0466644  -0.52399305 -0.36990381
 -0.21269419 -0.14003665  0.20563065 -0.18157336  0.03677647 -0.53540485
 -0.27921315 -0.20585576 -0.04923666  0.46734455 -0.41394904 -0.37363815
 -0.37316417  0.50703109 -0.10775191 -0.23871912  0.37031418  1.01270861
 -0.22018952  0.19483054 -0.88010892 -0.2664749  -0.13551998  0.21020576
 -0.18845058  0.27248706 -0.13203396  0.86521624 -0.02751129 -0.118552
 -0.08304093 -0.00738713 -0.23105188 -0.33766626 -0.01625562  0.42285842
 -0.14775708  0.11557959  0.3251463  -0.32718008  0.25992838 -0.26049238
 -0.19766469 -0.13257082  0.09104937 -0.16309202 -0.05961339  0.02435144
 -0.29744226 -0.62063628  0.19230141  0.02157617 -0.31191649 -0.06459883
 -0.19175823  0.36288619  0.74343601  0.73741649  0.42862958 -0.12605166
 -0.27580985  0.35578025  0.06258424 -0.19149879  0.07619918 -1.44226718
  1.21112363 -0.35585296 -0.66925717 -0.06531749]
